   250.00000       2.2175841    
   500.00000       2.2005947    
   750.00000       2.1827321    
   1000.0000       2.1639440    
   1250.0000       2.1441743    
   1500.0000       2.1233654    
   1750.0000       2.1014562    
   2000.0000       2.0783830    
   2250.0000       2.0540786    
   2500.0000       2.0284729    
   2750.0000       2.0014925    
   3000.0000       1.9730601    
   3250.0000       1.9430954    
   3500.0000       1.9115138    
   3750.0000       1.8782266    
   4000.0000       1.8431414    
   4250.0000       1.8061610    
   4500.0000       1.7671838    
   4750.0000       1.7261033    
   5000.0000       1.6828086    
   5250.0000       1.6371833    
   5500.0000       1.5891054    
   5750.0000       1.5384476    
   6000.0000       1.4850767    
   6250.0000       1.4288535    
   6500.0000       1.3696324    
   6750.0000       1.3072613    
   7000.0000       1.2415811    
   7250.0000       1.1724257    
   7500.0000       1.0996218    
   7750.0000       1.0229877    
   8000.0000      0.94233471    
   8250.0000      0.85746503    
   8500.0000      0.76817262    
   8750.0000      0.67424232    
   9000.0000      0.57544971    
   9250.0000      0.47156063    
   9500.0000      0.36233106    
   9750.0000      0.24750645    
   10000.000      0.12682158    
   250.00000       1.0760899    
   500.00000       1.0761149    
   750.00000       1.0761840    
   1000.0000       1.0762968    
   1250.0000       1.0764526    
   1500.0000       1.0766510    
   1750.0000       1.0768909    
   2000.0000       1.0771720    
   2250.0000       1.0774932    
   2500.0000       1.0778537    
   2750.0000       1.0782523    
   3000.0000       1.0786881    
   3250.0000       1.0791599    
   3500.0000       1.0796663    
   3750.0000       1.0802057    
   4000.0000       1.0807767    
   4250.0000       1.0813775    
   4500.0000       1.0820062    
   4750.0000       1.0826608    
   5000.0000       1.0833390    
   5250.0000       1.0840384    
   5500.0000       1.0847561    
   5750.0000       1.0854896    
   6000.0000       1.0862355    
   6250.0000       1.0869905    
   6500.0000       1.0877508    
   6750.0000       1.0885125    
   7000.0000       1.0892713    
   7250.0000       1.0900226    
   7500.0000       1.0907612    
   7750.0000       1.0914818    
   8000.0000       1.0921786    
   8250.0000       1.0928452    
   8500.0000       1.0934747    
   8750.0000       1.0940601    
   9000.0000       1.0945933    
   9250.0000       1.0950660    
   9500.0000       1.0954690    
   9750.0000       1.0957927    
   10000.000       1.0960265    
   250.00000       1.0000373    
   500.00000       1.0001671    
   750.00000       1.0003887    
   1000.0000       1.0007008    
   1250.0000       1.0011020    
   1500.0000       1.0015905    
   1750.0000       1.0021646    
   2000.0000       1.0028224    
   2250.0000       1.0035616    
   2500.0000       1.0043799    
   2750.0000       1.0052747    
   3000.0000       1.0062430    
   3250.0000       1.0072817    
   3500.0000       1.0083876    
   3750.0000       1.0095565    
   4000.0000       1.0107845    
   4250.0000       1.0120672    
   4500.0000       1.0133996    
   4750.0000       1.0147763    
   5000.0000       1.0161917    
   5250.0000       1.0176393    
   5500.0000       1.0191123    
   5750.0000       1.0206033    
   6000.0000       1.0221041    
   6250.0000       1.0236062    
   6500.0000       1.0250998    
   6750.0000       1.0265749    
   7000.0000       1.0280203    
   7250.0000       1.0294242    
   7500.0000       1.0307734    
   7750.0000       1.0320543    
   8000.0000       1.0332516    
   8250.0000       1.0343494    
   8500.0000       1.0353302    
   8750.0000       1.0361751    
   9000.0000       1.0368643    
   9250.0000       1.0373760    
   9500.0000       1.0376872    
   9750.0000       1.0377728    
   10000.000       1.0376064    
